2026-05;1104.57;4
